
2023-01-02 00:00:00
	Ex Start Date (Calc): 519, 520, 521, 522, 523, 524, 525, 
	Pellet Coll Date 1: 282, 283, 284, 285, 286, 287, 288, 289, 290, 291, 

2023-01-03 00:00:00
	AOM D1: 282, 283, 284, 285, 286, 287, 288, 289, 290, 291, 
	AOM D3: 252, 253, 254, 255, 256, 257, 258, 259, 260, 261, 262, 263, 264, 265, 266, 267, 268, 269, 270, 271, 272, 273, 274, 275, 276, 277, 278, 279, 280, 281, 

2023-01-05 00:00:00
	Age 19wk: 235, 236, 237, 238, 239, 240, 249, 250, 251, 
	Age 21wk: 519, 520, 521, 522, 523, 524, 525, 
	Age 23wk: 197, 198, 199, 226, 227, 228, 229, 230, 231, 232, 233, 234, 500, 501, 502, 503, 504, 505, 506, 507, 508, 509, 510, 511, 512, 513, 514, 515, 516, 517, 518, 
	Age 25wk: 178, 179, 180, 181, 182, 183, 184, 186, 
	Age 25wk (#6 - EX wk5): 178, 179, 180, 181, 182, 183, 184, 186, 
	Age 33wk: 207, 208, 209, 210, 211, 
	Age 33wk (#8 - EX wk13): 207, 208, 209, 210, 211, 
	Age 37wk: 110, 111, 113, 115, 116, 
	Age 45wk: 30, 31, 32, 33, 34, 35, 36, 37, 38, 
	Age 45wk (#11 - EX wk25): 30, 31, 32, 33, 34, 35, 36, 37, 38, 

2023-01-06 00:00:00
	Pellet Coll Date 2: 241, 242, 243, 244, 245, 246, 247, 248, 

2023-01-09 00:00:00
	Ex Start Date (Calc): 241, 242, 243, 244, 245, 246, 247, 248, 

2023-01-10 00:00:00
	AOM D2: 282, 283, 284, 285, 286, 287, 288, 289, 290, 291, 
	AOM D4: 252, 253, 254, 255, 256, 257, 258, 259, 260, 261, 262, 263, 264, 265, 266, 267, 268, 269, 270, 271, 272, 273, 274, 275, 276, 277, 278, 279, 280, 281, 

2023-01-12 00:00:00
	Age 15wk: 282, 283, 284, 285, 286, 287, 288, 289, 290, 291, 
	Age 21wk: 241, 242, 243, 244, 245, 246, 247, 248, 
	Age 21wk (#5 - EX wk1): 241, 242, 243, 244, 245, 246, 247, 248, 
	Age 25wk: 187, 188, 189, 190, 191, 192, 193, 194, 195, 196, 
	Age 25wk (#6 - EX wk5): 187, 188, 189, 190, 191, 192, 193, 194, 195, 196, 
	Age 27wk: 165, 166, 167, 168, 170, 171, 172, 173, 174, 175, 176, 177, 
	Age 29wk: 156, 157, 158, 159, 160, 161, 162, 163, 164, 
	Age 29wk (#7 - EX wk9): 156, 157, 158, 159, 160, 161, 162, 163, 164, 
	Age 31wk: 139, 142, 143, 144, 147, 148, 149, 150, 151, 212, 213, 214, 215, 216, 217, 218, 219, 220, 221, 222, 223, 224, 225, 
	Age 33wk: 127, 128, 129, 130, 
	Age 33wk (#8 - EX wk13): 127, 128, 129, 130, 
	Age 35wk: 121, 123, 125, 126, 200, 201, 202, 203, 204, 205, 206, 
	Age 37wk: 117, 118, 
	Age 39wk: 94, 95, 97, 98, 99, 100, 101, 107, 108, 
	Age 41wk: 88, 89, 90, 91, 92, 
	Age 41wk (#10 - EX wk21): 88, 89, 90, 91, 92, 
	Age 45wk: 45, 46, 47, 50, 51, 52, 53, 54, 55, 56, 57, 58, 
	Age 45wk (#11 - EX wk25): 45, 46, 47, 50, 51, 52, 53, 54, 55, 56, 57, 58, 

2023-01-13 00:00:00
	Pellet Coll Date 2: 235, 236, 237, 238, 239, 240, 249, 250, 251, 

2023-01-16 00:00:00
	Ex Start Date (Calc): 235, 236, 237, 238, 239, 240, 249, 250, 251, 

2023-01-17 00:00:00
	AOM D3: 282, 283, 284, 285, 286, 287, 288, 289, 290, 291, 

2023-01-19 00:00:00
	Age 18wk: 252, 253, 254, 255, 256, 257, 258, 259, 260, 261, 262, 263, 264, 265, 266, 267, 268, 269, 270, 271, 272, 273, 274, 275, 276, 277, 278, 279, 280, 281, 
	Age 18wk (#4): 252, 253, 254, 255, 256, 257, 258, 259, 260, 261, 262, 263, 264, 265, 266, 267, 268, 269, 270, 271, 272, 273, 274, 275, 276, 277, 278, 279, 280, 281, 
	Age 21wk: 235, 236, 237, 238, 239, 240, 249, 250, 251, 
	Age 21wk (#5 - EX wk1): 235, 236, 237, 238, 239, 240, 249, 250, 251, 
	Age 23wk: 519, 520, 521, 522, 523, 524, 525, 
	Age 25wk: 197, 198, 199, 226, 227, 228, 229, 230, 231, 232, 233, 234, 500, 501, 502, 503, 504, 505, 506, 507, 508, 509, 510, 511, 512, 513, 514, 515, 516, 517, 518, 
	Age 25wk (#6 - EX wk5): 197, 198, 199, 226, 227, 228, 229, 230, 231, 232, 233, 234, 500, 501, 502, 503, 504, 505, 506, 507, 508, 509, 510, 511, 512, 513, 514, 515, 516, 517, 518, 
	Age 27wk: 178, 179, 180, 181, 182, 183, 184, 186, 
	Age 35wk: 207, 208, 209, 210, 211, 
	Age 37wk (#9 - EX wk17): 110, 111, 113, 115, 116, 
	Age 39wk: 110, 111, 113, 115, 116, 

2023-01-24 00:00:00
	AOM D4: 282, 283, 284, 285, 286, 287, 288, 289, 290, 291, 

2023-01-26 00:00:00
	Age 19wk: 252, 253, 254, 255, 256, 257, 258, 259, 260, 261, 262, 263, 264, 265, 266, 267, 268, 269, 270, 271, 272, 273, 274, 275, 276, 277, 278, 279, 280, 281, 
	Age 23wk: 241, 242, 243, 244, 245, 246, 247, 248, 
	Age 27wk: 187, 188, 189, 190, 191, 192, 193, 194, 195, 196, 
	Age 29wk: 165, 166, 167, 168, 170, 171, 172, 173, 174, 175, 176, 177, 
	Age 29wk (#7 - EX wk9): 165, 166, 167, 168, 170, 171, 172, 173, 174, 175, 176, 177, 
	Age 31wk: 156, 157, 158, 159, 160, 161, 162, 163, 164, 
	Age 33wk: 139, 142, 143, 144, 147, 148, 149, 150, 151, 212, 213, 214, 215, 216, 217, 218, 219, 220, 221, 222, 223, 224, 225, 
	Age 33wk (#8 - EX wk13): 139, 142, 143, 144, 147, 148, 149, 150, 151, 212, 213, 214, 215, 216, 217, 218, 219, 220, 221, 222, 223, 224, 225, 
	Age 35wk: 127, 128, 129, 130, 
	Age 37wk: 121, 123, 125, 126, 200, 201, 202, 203, 204, 205, 206, 
	Age 37wk (#9 - EX wk17): 117, 118, 121, 123, 125, 126, 200, 201, 202, 203, 204, 205, 206, 
	Age 39wk: 117, 118, 
	Age 41wk: 94, 95, 97, 98, 99, 100, 101, 107, 108, 
	Age 41wk (#10 - EX wk21): 94, 95, 97, 98, 99, 100, 101, 107, 108, 
	Age 43wk: 88, 89, 90, 91, 92, 

2023-01-27 00:00:00
	Pellet Coll Date 3: 88, 89, 90, 91, 92, 177, 
